5 30 21262 708.7333333333333 2008 77 2002 4
18 75 104646 1395.28 4436 294 2015 8
20 27 50628 1875.111111111111 8449 153 2001 4
22 23 104357 4537.260869565217 24208 703 1997 4
26 27 46400 1718.5185185185185 3912 150 1998 5
29 21 45794 2180.6666666666665 5259 336 2011 5
31 43 174760 4064.186046511628 9005 639 2005 6
48 46 39357 855.5869565217391 3076 77 2009 5
53 40 33246 831.15 3193 77 2011 4
57 121 226309 1870.3223140495868 7739 102 2016 9
64 93 333162 3582.3870967741937 17333 413 2011 9
65 58 77045 1328.3620689655172 11303 157 2011 7
69 39 47105 1207.820512820513 4533 117 2005 4
70 72 92540 1285.2777777777778 5545 117 2012 6
73 137 211691 1545.1897810218977 9509 127 2010 10
74 117 78072 667.2820512820513 3793 67 2005 11
79 79 122582 1551.6708860759493 5184 144 2008 8
89 25 11589 463.56 2315 112 1996 6
91 45 25020 556.0 1928 112 2004 6
92 40 21808 545.2 1525 112 1996 6
